%YAML:1.0
e_vectors: !!opencv-matrix
   rows: 20
   cols: 128
   dt: f
   data: [ 2.95565203e-02, 3.46536897e-02, 2.40345355e-02,
       8.83651618e-03, -1.11835338e-02, -3.35386507e-02, -2.69445572e-02,
       -1.66758597e-02, 1.51398525e-01, 5.39986715e-02, -6.83816988e-03,
       -4.85293604e-02, -9.70021635e-02, -4.30405512e-02,
       -5.21419849e-03, 5.14886081e-02, -1.53094307e-01, -4.09797803e-02,
       5.81153343e-03, 2.94602290e-02, 7.11456314e-02, 3.95461060e-02,
       1.39350556e-02, -4.92247529e-02, -4.53229211e-02, 1.40638547e-02,
       2.52520088e-02, 2.90536992e-02, 1.76470377e-03, -1.15303425e-02,
       -1.76793300e-02, -3.47833149e-02, 5.70846796e-02, 1.10426676e-02,
       1.05202384e-02, 1.31987426e-02, 6.21793733e-04, -2.84822863e-02,
       -3.76574136e-02, -2.88266297e-02, 2.98625797e-01, 3.61161865e-02,
       -7.15023354e-02, -1.68135375e-01, -2.14742362e-01,
       -7.32675567e-02, 3.09898444e-02, 1.75037354e-01, -2.99716920e-01,
       -1.51482180e-01, -1.98430959e-02, 6.81637377e-02, 1.94942191e-01,
       1.57469541e-01, 8.18714425e-02, -2.89064832e-02, -6.59102872e-02,
       2.69674044e-02, 4.07829434e-02, 2.35469863e-02, -2.08510589e-02,
       -2.15480905e-02, -6.03304058e-03, -1.18944403e-02, 5.75762019e-02,
       -3.10944077e-02, -3.71090099e-02, -2.86627635e-02, 2.40402180e-03,
       1.62453745e-02, 1.01525104e-02, 1.00310482e-02, 2.99314618e-01,
       1.71122089e-01, 3.01598143e-02, -7.33309463e-02, -2.13801414e-01,
       -1.65717334e-01, -7.04387799e-02, 3.76721807e-02, -3.00091475e-01,
       -3.08467261e-02, 8.42831880e-02, 1.61867484e-01, 1.97676107e-01,
       6.44303337e-02, -2.27094926e-02, -1.52607784e-01, -6.33402318e-02,
       -1.32683134e-02, -3.32969963e-03, -2.11476088e-02,
       -1.91900898e-02, 2.38348097e-02, 3.74885835e-02, 2.95440555e-02,
       3.39648686e-02, -1.95625443e-02, -2.57736854e-02, -3.41115445e-02,
       -1.33726830e-02, 1.22080063e-02, 2.47871764e-02, 3.67894433e-02,
       1.51839003e-01, 4.70199324e-02, -6.21445756e-03, -4.22117598e-02,
       -9.51428339e-02, -4.41959836e-02, -3.24258278e-03, 5.70950396e-02,
       -1.57814562e-01, -5.58423847e-02, 1.33726485e-02, 4.15059254e-02,
       7.92581588e-02, 3.44176777e-02, 8.00169446e-03, -4.01991121e-02,
       -3.92630138e-02, -3.51711176e-02, -1.89348776e-02,
       -1.53872548e-02, -1.08505902e-03, 2.72798911e-02, 2.57544052e-02,
       1.60513967e-02, 1.60927810e-02, -3.22387256e-02, -5.22797070e-02,
       -2.90838480e-02, 2.08458584e-03, -3.57665531e-02, -4.23998982e-02,
       -3.96265201e-02, 2.99094051e-01, 1.19066499e-02, -7.62953386e-02,
       -7.95512870e-02, -6.10857308e-02, -6.65360391e-02,
       -6.68166801e-02, 6.16501831e-03, 3.08737785e-01, 4.09702770e-03,
       -6.37371168e-02, -6.83790222e-02, -6.60119131e-02,
       -8.21371600e-02, -7.84327909e-02, 1.82385817e-02, 3.74853313e-02,
       -2.98891906e-02, -4.36513275e-02, -4.63972576e-02,
       -2.92856973e-02, -4.52319905e-02, -5.04929014e-02,
       -2.69054845e-02, 1.90398749e-02, -4.73255254e-02, -7.80976191e-02,
       -6.73764050e-02, -1.72404721e-02, -4.64163609e-02,
       -4.13275771e-02, -3.45887691e-02, 2.19457746e-01, -2.72723809e-02,
       -9.28050503e-02, -1.23607151e-01, -9.95332748e-02,
       -7.56552294e-02, -6.73909038e-02, -2.06228606e-02, 2.10860282e-01,
       -2.24765651e-02, -6.47365153e-02, -7.74536654e-02,
       -1.01220012e-01, -1.17035180e-01, -9.40868706e-02,
       -3.07004564e-02, 4.96716835e-02, -2.09582299e-02, -4.25144881e-02,
       -6.63679391e-02, -7.36592039e-02, -9.18671936e-02,
       -7.45416656e-02, -4.07151468e-02, 1.99302714e-02, -3.15960422e-02,
       -4.25626971e-02, -4.11404371e-02, -1.78345144e-02,
       -7.06551075e-02, -7.96816424e-02, -5.74769825e-02, 2.24552840e-01,
       -1.53156463e-02, -6.55795783e-02, -7.43255839e-02,
       -9.84893292e-02, -1.27983525e-01, -1.01984061e-01,
       -3.57034504e-02, 2.14446068e-01, -2.21045539e-02, -9.56217274e-02,
       -1.25470519e-01, -1.02820516e-01, -7.31761679e-02,
       -6.69502914e-02, -2.97029708e-02, 5.23921922e-02, -3.75252664e-02,
       -7.59046450e-02, -9.50831398e-02, -7.12054446e-02,
       -5.82379512e-02, -4.22820710e-02, -2.43101623e-02, 1.77634284e-02,
       -3.96489128e-02, -4.50913794e-02, -3.33866663e-02, 4.14217822e-03,
       -3.52403149e-02, -5.70753589e-02, -4.07277979e-02, 3.01888078e-01,
       7.35070975e-03, -6.67633563e-02, -6.72393963e-02, -6.20977953e-02,
       -8.07390809e-02, -8.10470209e-02, 4.96664690e-03, 3.16139758e-01,
       3.52676138e-02, -7.39926100e-02, -8.27663913e-02, -7.10337013e-02,
       -7.38652423e-02, -7.14894682e-02, -4.70451778e-03, 4.12431173e-02,
       -1.70550365e-02, -4.67740260e-02, -4.49183732e-02,
       -2.86379419e-02, -4.58940417e-02, -4.95236255e-02,
       -3.42004485e-02, 4.89648320e-02, -4.76955622e-02, -7.42404237e-02,
       -2.03048415e-03, 1.18208028e-01, 2.22455878e-02, -2.53404975e-02,
       -6.09058375e-03, 8.00004527e-02, -4.27377596e-02, -6.11279607e-02,
       2.49374621e-02, 1.49687856e-01, 2.06184927e-02, -5.36738932e-02,
       -5.51569201e-02, 3.31086516e-02, -1.75109655e-02, -2.65103616e-02,
       4.94651496e-02, 1.83593124e-01, 2.44308133e-02, -9.97156501e-02,
       -1.32566810e-01, 8.22961051e-03, -5.87560411e-04, -9.15434584e-03,
       5.19511513e-02, 1.63916409e-01, -2.71685002e-03, -1.16498053e-01,
       -9.75598991e-02, 3.99448946e-02, -5.23395650e-02, -8.46625343e-02,
       5.54227922e-03, 1.55588120e-01, 2.19727624e-02, -3.83906253e-02,
       -1.08017512e-02, -1.27736898e-02, -8.81489739e-02,
       -7.89150521e-02, 5.91978468e-02, 2.27280855e-01, 3.77658829e-02,
       -6.93367273e-02, -1.02995701e-01, -2.60444712e-02,
       -4.88981456e-02, -3.96003984e-02, 6.42480776e-02, 2.54167646e-01,
       4.47240919e-02, -1.21963814e-01, -1.65891066e-01, 4.76854853e-03,
       -1.04873274e-02, -2.75811628e-02, 4.63004820e-02, 2.02274039e-01,
       1.16005365e-03, -1.17060900e-01, -8.23707581e-02, 3.75863723e-02,
       -1.43911792e-02, -3.50717008e-02, 3.22731622e-02, 1.56203791e-01,
       -3.96059547e-03, -9.68666300e-02, -5.56099303e-02,
       -4.94119572e-03, -1.04761146e-01, -6.75448626e-02, 5.11194430e-02,
       2.32968539e-01, 4.06550765e-02, -1.00754812e-01, -9.03716162e-02,
       -2.09114682e-02, -1.64961427e-01, -1.25250310e-01, 4.49707732e-02,
       2.54264653e-01, 5.87477274e-02, -4.95849997e-02, -5.24193868e-02,
       4.80797840e-03, -8.74111354e-02, -1.20142408e-01, 2.86496175e-03,
       2.04561964e-01, 4.51700017e-02, -2.49258522e-02, -6.25394844e-03,
       4.01455909e-02, -8.88270605e-03, -2.74151862e-02, 2.67658718e-02,
       1.16862379e-01, -1.00355607e-03, -7.32790679e-02, -5.31983562e-02,
       9.13832709e-02, -5.27216904e-02, -5.75412549e-02, 2.81357951e-02,
       1.52986765e-01, 2.00953782e-02, -6.75071627e-02, -4.50172126e-02,
       5.23837991e-02, -1.27075583e-01, -1.01824664e-01, 2.75868364e-02,
       1.82083204e-01, 4.13265824e-02, -3.32650170e-02, -1.53130414e-02,
       1.18864700e-02, -9.78504717e-02, -1.16700113e-01, -2.88394203e-05,
       1.63608044e-01, 4.84533496e-02, -1.11850733e-02, 4.53481305e-04,
       -1.34010717e-01, -5.51396161e-02, 1.03239678e-02, 1.01210028e-01,
       1.96227580e-01, 6.04806766e-02, -9.66536161e-03, -5.68507984e-02,
       -6.21161982e-02, -1.14444587e-02, 2.76364647e-02, 6.68342263e-02,
       7.55085573e-02, 5.54138236e-03, -2.27789972e-02, -4.72759157e-02,
       2.45755129e-02, 3.51525806e-02, 3.02032735e-02, 1.21990442e-02,
       -4.22343090e-02, -5.09713218e-02, -3.21170501e-02,
       -1.21117085e-02, 1.03828944e-01, 5.28121814e-02, 1.75702684e-02,
       -4.10033502e-02, -1.71099320e-01, -1.00696929e-01,
       -2.04335526e-02, 4.21281867e-02, -1.83432668e-01, -8.94671753e-02,
       1.20546727e-03, 1.50301397e-01, 2.92263597e-01, 1.05046242e-01,
       -1.29516516e-02, -8.56501088e-02, 3.90613191e-02, -4.38540056e-02,
